0 0.184375 0.074218 0.096764 0.052618 1.504228
0 0.218865 0.928890 0.095198 0.049176 -1.441023
0 0.431737 0.329955 0.096568 0.049254 1.465412
0 0.183113 0.440888 0.090638 0.051548 -0.944535
0 0.635010 0.085905 0.088174 0.049181 -0.107767
0 0.184110 0.603149 0.083044 0.048437 -1.226318
0 0.948323 0.846370 0.080408 0.053059 -0.110657
0 0.946094 0.769531 0.080415 0.047212 0.158655
0 0.952344 0.915039 0.078347 0.047513 -0.289504
0 0.928906 0.546875 0.066880 0.042651 -0.262120
0 0.464063 0.986328 0.070014 0.038020 1.513057
