0 0.166919 0.885198 0.098498 0.074235 1.533072
0 0.381272 0.281574 0.100143 0.055629 1.482487
0 0.878125 0.891602 0.094517 0.054612 -0.017240
0 0.632815 0.901937 0.082474 0.054699 -0.026659
0 0.147782 0.348756 0.092913 0.049728 0.832981
0 0.394563 0.537995 0.103231 0.047004 1.525373
0 0.148080 0.129839 0.087540 0.049795 0.442482
0 0.164870 0.764080 0.076580 0.052738 -0.071125
0 0.145208 0.494201 0.074561 0.051563 -0.435353
0 0.158432 0.235813 0.077182 0.049346 -0.372988
0 0.384216 0.403082 0.078377 0.045287 1.476583
0 0.137500 0.584961 0.089925 0.039488 0.519146
