0 0.472677 0.578943 0.101987 0.054513 1.490966
0 0.217035 0.417123 0.101631 0.052879 -1.496857
0 0.223639 0.228521 0.090961 0.045595 -1.484802
0 0.946634 0.409706 0.079209 0.050362 -0.266252
0 0.467162 0.448750 0.090840 0.043136 1.501940
0 0.958976 0.488253 0.079703 0.048780 -0.019605
0 0.478125 0.712891 0.075000 0.050781 -1.570796
0 0.932031 0.062500 0.084209 0.044557 0.178093
0 0.461719 0.293945 0.091525 0.037308 1.484802
0 0.950781 0.546875 0.075380 0.042860 0.129703
0 0.938281 0.136719 0.071196 0.045082 -0.066568
