0 0.657813 0.438477 0.096187 0.050908 0.017240
0 0.506250 0.761719 0.090625 0.050781 0.000000
0 0.503125 0.687500 0.096412 0.046902 -0.065480
0 0.515625 0.948242 0.088239 0.050773 0.017855
0 0.441113 0.153314 0.088993 0.046902 0.017855
0 0.510365 0.888198 0.080541 0.048902 -0.030574
0 0.453125 0.283203 0.090129 0.043000 -0.070061
0 0.468814 0.530177 0.087989 0.043146 -0.090660
0 0.680390 0.512428 0.083180 0.043696 -0.094061
0 0.459725 0.461954 0.084606 0.041048 -0.073939
0 0.025781 0.858398 0.075862 0.043000 -0.020830
0 0.737172 0.767606 0.078141 0.040968 -0.019997
0 0.027344 0.792969 0.073438 0.042969 0.000000
