1 0.820003 0.660065 0.107994 0.047136 -0.057906
1 0.821815 0.139608 0.104792 0.047003 -0.044746
1 0.636608 0.528309 0.100514 0.045915 -0.007684
0 0.616359 0.626574 0.093933 0.044964 -0.043451
0 0.836363 0.726500 0.085952 0.048962 -0.018180
0 0.823738 0.584893 0.085597 0.048958 0.112728
0 0.148438 0.417969 0.089548 0.044858 -0.053520
0 0.614844 0.240234 0.089992 0.043137 -0.070061
0 0.845313 0.444336 0.087904 0.043146 -0.089050
0 0.608594 0.571289 0.086292 0.043146 0.090660
0 0.609375 0.033203 0.086307 0.043011 -0.036348
0 0.144531 0.732422 0.089433 0.041381 0.321751
0 0.612231 0.362327 0.090638 0.039023 -0.017240
0 0.613281 0.709961 0.085937 0.041016 0.000000
0 0.142126 0.543172 0.078826 0.044699 -0.099669
0 0.603971 0.419020 0.078187 0.044808 -0.039979
0 0.611719 0.298828 0.087014 0.039243 -0.072599
0 0.136102 0.225652 0.082871 0.040913 -0.037718
0 0.839063 0.054688 0.086420 0.039108 -0.036348
0 0.841440 0.510781 0.075065 0.044883 -0.041643
0 0.143438 0.163867 0.072634 0.040146 -0.321751
0 0.157812 0.087891 0.071875 0.039062 -0.000000
