0 0.698645 0.567274 0.097076 0.052625 0.064427
0 0.470313 0.143555 0.096154 0.045302 -0.130403
0 0.725781 0.880859 0.089062 0.046875 0.000000
0 0.491406 0.794922 0.091035 0.043079 -0.035073
0 0.488029 0.724540 0.089555 0.043346 -0.104877
0 0.482538 0.854622 0.082945 0.046690 -0.056543
0 0.493750 0.664063 0.089452 0.043081 -0.035699
0 0.476563 0.211914 0.089464 0.042907 -0.053520
0 0.721875 0.953125 0.079811 0.046994 0.039979
0 0.697756 0.215890 0.076817 0.044932 -0.081452
0 0.476811 0.332983 0.078375 0.041197 -0.079830
0 0.495670 0.452198 0.075016 0.042878 0.020830
0 0.489173 0.391556 0.076626 0.041141 -0.040794
0 0.710925 0.482729 0.070462 0.039009 0.052583
