0 0.532086 0.861109 0.099670 0.058727 0.237374
0 0.882042 0.292697 0.095428 0.050816 -1.521656
0 0.712095 0.860017 0.091109 0.047798 -0.103082
0 0.487500 0.458008 0.096483 0.049566 0.101347
0 0.490354 0.095037 0.093031 0.048648 -0.134771
0 0.936139 0.088669 0.098127 0.045904 -0.159913
0 0.486719 0.155273 0.097328 0.044961 -0.032247
0 0.907644 0.837909 0.094074 0.045091 1.484058
0 0.913800 0.448174 0.087684 0.046916 1.529154
0 0.780464 0.227365 0.087556 0.044963 1.535097
0 0.487500 0.523438 0.090625 0.042969 0.000000
0 0.784451 0.406409 0.089186 0.043217 -1.518213
0 0.481250 0.284180 0.083957 0.045296 -0.112728
0 0.480469 0.220703 0.085938 0.042969 0.000000
0 0.490625 0.341797 0.084375 0.042969 0.000000
0 0.479724 0.640530 0.084736 0.041381 -0.092329
0 0.898592 0.649395 0.083334 0.041006 1.471128
0 0.490625 0.396484 0.077457 0.041088 0.020830
