0 0.692370 0.831080 0.095155 0.052770 -0.033321
0 0.682031 0.323242 0.100329 0.049139 -0.079199
0 0.429688 0.957031 0.094425 0.048788 0.016948
0 0.426924 0.635465 0.090052 0.046902 -0.006849
0 0.430522 0.273010 0.093865 0.048782 -0.043451
0 0.433594 0.825195 0.092836 0.046868 0.016948
0 0.432812 0.890625 0.095194 0.045061 -0.049958
0 0.430469 0.757812 0.091296 0.046834 -0.017542
0 0.692187 0.625977 0.094999 0.044897 -0.033321
0 0.427734 0.701172 0.087766 0.047871 -0.026292
0 0.438281 0.516602 0.092188 0.044922 -0.000000
0 0.678906 0.440430 0.089063 0.044922 0.000000
0 0.685156 0.262695 0.091587 0.043067 -0.017855
0 0.685156 0.502930 0.091608 0.042996 -0.017240
0 0.696094 0.891602 0.095312 0.041016 -0.000000
0 0.684375 0.566406 0.089473 0.043011 -0.035073
0 0.428929 0.336541 0.087624 0.042920 -0.047583
0 0.682812 0.759766 0.087500 0.042969 0.000000
0 0.694532 0.957031 0.086259 0.043159 0.037718
0 0.875015 0.285815 0.081385 0.044960 -1.513168
0 0.687500 0.198242 0.076722 0.044964 -0.040794
0 0.681250 0.381836 0.088072 0.039056 0.017855
0 0.690625 0.690430 0.075000 0.037109 -0.000000
