0 0.719864 0.490710 0.100704 0.055309 -0.118623
0 0.563281 0.627930 0.114062 0.048828 -0.000000
0 0.420312 0.058594 0.087500 0.054688 -0.000000
0 0.176397 0.494938 0.098487 0.048494 -0.031735
0 0.530515 0.852944 0.097051 0.046916 -0.041643
0 0.676562 0.045898 0.087500 0.048828 -0.000000
0 0.947656 0.228516 0.089729 0.044843 -0.018180
0 0.683594 0.291992 0.092783 0.042963 0.016948
0 0.675781 0.135742 0.089063 0.041016 -0.000000
0 0.415918 0.113305 0.087514 0.040974 0.017855
0 0.964844 0.840820 0.084071 0.040735 0.117109
0 0.685999 0.215491 0.076773 0.041062 -0.047583
0 0.421084 0.241944 0.072097 0.042915 -0.049958
0 0.414844 0.174805 0.075379 0.035085 0.063743
0 0.416406 0.293945 0.063379 0.035194 0.024995
0 0.965625 0.779297 0.062500 0.035156 -0.000000
