0 0.956330 0.756195 0.098412 0.052939 -0.043451
0 0.907813 0.961914 0.094486 0.052563 1.519118
0 0.800781 0.890625 0.093128 0.046901 -1.553849
0 0.573438 0.547852 0.096875 0.044922 -0.000000
0 0.496875 0.755859 0.090625 0.046875 -0.000000
0 0.696094 0.249023 0.096752 0.043134 1.456542
0 0.493750 0.816406 0.096875 0.042969 -0.000000
0 0.490736 0.948160 0.084606 0.049128 -0.073939
0 0.590962 0.415280 0.090840 0.044547 -0.068856
0 0.693269 0.547825 0.089282 0.045085 -0.070061
0 0.489844 0.878906 0.088435 0.044950 -0.017855
0 0.707989 0.408161 0.089117 0.043079 -0.035073
0 0.647120 0.259916 0.086842 0.042802 1.426355
0 0.889844 0.255859 0.088712 0.041041 1.387686
0 0.881208 0.007315 0.073454 0.045036 1.549523
0 0.542187 0.258789 0.080973 0.039032 1.531601
0 0.765293 0.255820 0.075403 0.041201 -1.475845
0 0.812500 0.241211 0.083387 0.037103 1.551931
0 0.595313 0.266602 0.071801 0.038934 1.525373
