0 0.754809 0.986815 0.098719 0.056943 0.103082
0 0.522814 0.963884 0.092518 0.050930 0.084544
0 0.532234 0.266397 0.097440 0.048294 0.276097
0 0.944531 0.473633 0.096963 0.045512 0.232979
0 0.898438 0.237305 0.088155 0.048863 1.517276
0 0.736719 0.486328 0.093750 0.044922 -1.570796
0 0.532031 0.493164 0.084344 0.048793 1.533079
0 0.429629 0.472386 0.095364 0.043138 1.538021
0 0.708065 0.257037 0.089732 0.042886 -0.122195
0 0.578906 0.482422 0.088128 0.042962 1.552941
0 0.682812 0.493164 0.089662 0.040974 1.552941
0 0.479687 0.475586 0.087852 0.040955 1.516305
0 0.631250 0.492188 0.081250 0.042969 -1.570796
0 0.897711 0.053335 0.083341 0.041414 1.458069
0 0.383594 0.482422 0.076849 0.041061 1.530003
