0 0.714846 0.960495 0.100596 0.053939 0.108942
0 0.708594 0.287109 0.092188 0.046875 0.000000
0 0.485680 0.179536 0.084736 0.049340 -0.092329
0 0.495765 0.499065 0.089076 0.046799 -0.017542
0 0.492969 0.414062 0.091581 0.044949 -0.017240
0 0.489392 0.659286 0.090840 0.044815 -0.068856
0 0.510156 0.982422 0.084606 0.046915 -0.037020
0 0.712500 0.218750 0.084375 0.046875 0.000000
0 0.705469 0.030273 0.086674 0.045087 0.072599
0 0.502344 0.791016 0.089992 0.043137 -0.070061
0 0.485938 0.116211 0.086826 0.043194 0.019997
0 0.493750 0.042969 0.081918 0.043295 -0.078271
