1 0.526514 0.436770 0.120292 0.054722 -0.035699
1 0.537212 0.188468 0.118760 0.054708 -0.013157
1 0.525847 0.309916 0.115830 0.054722 -0.035699
0 0.896835 0.053650 0.099732 0.052862 1.522447
1 0.691406 0.435547 0.101562 0.050781 0.000000
0 0.527344 0.910156 0.093750 0.052734 -1.570796
0 0.707422 0.319824 0.099243 0.046723 0.040734
0 0.573316 0.911570 0.092303 0.050800 1.532354
0 0.539116 0.503415 0.092092 0.051172 -0.045423
0 0.727524 0.898536 0.099429 0.045302 1.441094
0 0.695312 0.379883 0.088224 0.048785 0.018180
0 0.933784 0.913128 0.096268 0.042606 1.341564
0 0.678010 0.913790 0.094025 0.041525 1.453615
0 0.537482 0.592305 0.089182 0.044964 0.043451
0 0.930469 0.184570 0.089404 0.043500 -0.090660
0 0.849219 0.897461 0.094213 0.041264 -1.535723
0 0.689063 0.495117 0.090014 0.043068 -0.018180
0 0.914844 0.640625 0.089432 0.043012 1.518213
0 0.524693 0.254859 0.087514 0.042927 0.017855
0 0.691565 0.223784 0.090961 0.040864 -0.085994
0 0.529705 0.136229 0.086062 0.043013 -0.045423
0 0.687500 0.161133 0.083328 0.043010 -0.056543
0 0.942940 0.288135 0.090746 0.039212 0.051678
0 0.700781 0.560547 0.082569 0.042992 0.076772
0 0.700000 0.626953 0.083759 0.041083 -0.019228
0 0.679500 0.046097 0.087080 0.039181 -0.162199
0 0.685938 0.102539 0.082571 0.040985 -0.038443
0 0.624960 0.919308 0.078120 0.043144 1.489344
0 0.801563 0.908203 0.082162 0.039401 -1.492525
0 0.919664 0.468119 0.075584 0.041668 1.446441
