0 0.430172 0.002936 0.092093 0.050807 -0.017240
0 0.678906 0.297852 0.093490 0.047115 -0.051678
0 0.425781 0.232422 0.090902 0.047054 0.035699
0 0.671875 0.046875 0.090625 0.046875 -0.000000
0 0.965625 0.865234 0.090625 0.046875 -0.000000
0 0.426563 0.361328 0.090625 0.046875 0.000000
0 0.688546 0.667780 0.094386 0.044846 0.116142
0 0.421094 0.176758 0.088382 0.046975 -0.018516
0 0.692969 0.922852 0.092188 0.044922 0.000000
0 0.678906 0.102539 0.091002 0.044963 -0.034469
0 0.425781 0.488281 0.089707 0.044915 0.017542
0 0.688281 0.756836 0.089063 0.044922 0.000000
0 0.425781 0.297852 0.089063 0.044922 0.000000
0 0.696875 0.844727 0.081986 0.046866 -0.019228
0 0.680770 0.475575 0.089076 0.042996 0.017542
0 0.422656 0.421875 0.089063 0.042969 0.000000
0 0.421875 0.674805 0.088128 0.042962 0.017855
0 0.417187 0.738281 0.087500 0.042969 -0.000000
0 0.418750 0.608398 0.085026 0.042961 -0.018516
0 0.677230 0.538160 0.085048 0.042341 -0.156602
0 0.674219 0.232422 0.082812 0.042969 0.000000
0 0.684191 0.596671 0.085994 0.041060 0.036348
0 0.679129 0.357432 0.087556 0.039107 0.035699
0 0.419531 0.116211 0.082812 0.041016 0.000000
0 0.422656 0.552734 0.077262 0.040966 -0.020830
0 0.683313 0.417999 0.082827 0.037176 0.018866
0 0.417930 0.925868 0.065770 0.043013 0.045423
0 0.678125 0.167969 0.068750 0.039062 0.000000
0 0.414062 0.799805 0.079249 0.033177 0.039979
0 0.421263 0.871084 0.071943 0.035208 -0.043451
