0 0.725000 0.381836 0.094399 0.046835 0.016948
0 0.494188 0.552761 0.089076 0.048889 0.017542
0 0.499219 0.643555 0.092836 0.046868 0.016948
0 0.496423 0.489265 0.089076 0.046868 0.017542
0 0.725148 0.905164 0.089117 0.045168 -0.035073
0 0.721226 0.642521 0.089134 0.045091 -0.086738
0 0.496785 0.860095 0.084594 0.047390 -0.090660
0 0.491406 0.428711 0.089063 0.044922 -0.000000
0 0.500000 0.366211 0.092060 0.043217 0.052583
0 0.718750 0.708984 0.090156 0.043089 0.141897
0 0.723385 0.980465 0.092307 0.041062 0.050804
0 0.709056 0.573195 0.084389 0.043070 -0.018516
0 0.491884 0.794933 0.084389 0.041045 0.018516
0 0.503133 0.719823 0.078515 0.039063 -0.099669
