2 0.360156 0.713867 0.106656 0.049045 -1.540037
4 0.357031 0.709961 0.099738 0.050910 -1.523213
0 0.903906 0.723633 0.094995 0.049169 -1.471128
0 0.851562 0.718750 0.094260 0.048819 1.486253
0 0.463281 0.708008 0.092875 0.048981 1.503103
0 0.145685 0.703921 0.094770 0.047240 1.446441
0 0.306949 0.703664 0.092399 0.044819 -1.503103
0 0.249048 0.702919 0.087995 0.046849 -1.475845
0 0.805860 0.710938 0.083203 0.044896 -1.570796
0 0.040528 0.986129 0.096085 0.040264 -0.496998
0 0.318473 0.068108 0.087416 0.044441 0.423669
0 0.895312 0.075195 0.077034 0.048566 1.419781
0 0.692187 0.711914 0.090881 0.041062 -1.519118
0 0.750803 0.705723 0.092201 0.039123 1.553849
0 0.408594 0.704102 0.081805 0.043010 -1.513168
0 0.597656 0.083984 0.086058 0.038644 0.923404
0 0.202049 0.698178 0.078111 0.041062 -1.523213
0 0.650000 0.701172 0.084375 0.037109 -1.570796
0 0.250000 0.963867 0.077013 0.039820 0.922985
