0 0.729688 0.402344 0.103125 0.054688 0.000000
0 0.189637 0.574231 0.100110 0.052768 -0.046841
0 0.884375 0.923828 0.100000 0.046875 0.000000
0 0.076563 0.378906 0.100574 0.044916 -0.015624
0 0.141973 0.667568 0.096850 0.046352 0.311547
0 0.771875 0.586914 0.091296 0.046834 0.017542
0 0.974552 0.393050 0.085952 0.045873 -0.018180
0 0.110156 0.720703 0.091696 0.045428 0.440751
0 0.763357 0.919600 0.087424 0.046916 0.041643
0 0.598437 0.910156 0.093750 0.042969 -0.000000
0 0.478125 0.916992 0.079999 0.041139 -0.039979
