0 0.505489 0.726003 0.095325 0.050838 -1.554404
0 0.249178 0.720086 0.101574 0.046779 -1.555413
0 0.300781 0.721192 0.091756 0.045878 1.553254
0 0.953125 0.732422 0.098483 0.044852 1.456542
0 0.641799 0.719787 0.093734 0.046916 1.529154
0 0.453906 0.714844 0.096875 0.044922 -1.570796
0 0.896075 0.736908 0.092201 0.046835 1.553849
0 0.337554 0.956978 0.086720 0.049795 0.446106
0 0.931250 0.982422 0.089120 0.048113 1.399417
0 0.581293 0.729777 0.096925 0.042883 -1.538549
0 0.787500 0.727539 0.089707 0.044915 -1.553254
0 0.402344 0.718750 0.090625 0.041016 -1.570796
0 0.626184 0.976695 0.088781 0.041799 0.917950
0 0.105469 0.709961 0.090828 0.039009 -1.518213
0 0.150727 0.992824 0.073852 0.043347 -1.464812
0 0.563281 0.031250 0.073368 0.040977 -1.527345
0 0.346641 0.704980 0.076706 0.036816 1.512041
