0 0.786719 0.674805 0.099105 0.050743 -1.554669
0 0.997656 0.655273 0.095312 0.048828 -1.570796
0 0.011719 0.667969 0.093750 0.048828 -1.570796
0 0.181250 0.940430 0.092727 0.049066 -1.130954
0 0.479394 0.950429 0.089683 0.045078 -0.500017
0 0.059375 0.651367 0.089063 0.050781 -1.570796
0 0.674108 0.668702 0.090746 0.047216 -1.519118
0 0.732871 0.666826 0.090679 0.047049 -1.536327
0 0.890620 0.671794 0.094075 0.045091 1.487655
0 0.574219 0.666992 0.090820 0.043124 1.448601
0 0.685457 0.935622 0.091439 0.040086 0.982794
0 0.834375 0.666016 0.078125 0.046875 -1.570796
0 0.110913 0.645967 0.076578 0.044992 1.550391
0 0.628125 0.659180 0.073437 0.039062 -1.570796
