0 0.967187 0.646484 0.107490 0.050759 1.541393
4 0.296094 0.929688 0.114180 0.046916 -1.529724
0 0.832812 0.643555 0.095816 0.048654 1.486253
0 0.083540 0.622217 0.087324 0.052771 1.533776
0 0.963281 0.937500 0.097364 0.046633 1.419421
0 0.193750 0.629883 0.089063 0.046875 -1.570796
0 0.886719 0.649414 0.090934 0.045262 -1.483301
0 0.138281 0.623047 0.087500 0.044922 -1.570796
0 0.297656 0.630859 0.093750 0.041016 -1.570796
0 0.050000 0.934570 0.089063 0.042969 -1.570796
0 0.446959 0.628383 0.089282 0.042863 -1.500736
0 0.679687 0.627930 0.084938 0.044961 -1.515298
0 0.588274 0.921072 0.087625 0.043012 -1.517276
0 0.245183 0.622893 0.089172 0.042129 -1.376837
0 0.646094 0.946289 0.086577 0.042962 1.552617
0 0.227363 0.936253 0.090679 0.040991 1.536327
0 0.501563 0.631836 0.085938 0.042969 -1.570796
0 0.351562 0.917969 0.084375 0.042969 -1.570796
0 0.631250 0.623047 0.078125 0.042969 -1.570796
0 0.891477 0.931637 0.073575 0.044876 1.525373
0 0.344531 0.620117 0.077875 0.039352 -1.508378
0 0.395303 0.624643 0.081265 0.037140 -1.551568
0 0.791378 0.637260 0.076817 0.037304 1.489344
0 0.777315 0.629447 0.076817 0.037304 1.489344
