4 0.677099 0.524287 0.115841 0.056641 -0.761013
0 0.178390 0.505080 0.092698 0.045596 -0.815692
0 0.821094 0.637695 0.088407 0.046902 -0.017855
0 0.100647 0.503577 0.084743 0.046095 -0.935770
0 0.460938 0.510742 0.089493 0.042813 -0.785398
0 0.253906 0.508789 0.086630 0.042792 -0.798384
0 0.598438 0.519531 0.094307 0.038725 -0.761593
0 0.617178 0.680564 0.092307 0.038913 0.050804
0 0.321940 0.508604 0.088416 0.040211 -0.810393
0 0.538672 0.514160 0.085074 0.041432 -0.785398
0 0.827344 0.526367 0.086391 0.040642 -0.618144
0 0.313569 0.672798 0.093802 0.037024 0.033321
0 0.393869 0.513856 0.078824 0.040265 -0.682316
0 0.040625 0.493164 0.080654 0.037289 -0.785398
0 0.739063 0.524414 0.077356 0.036330 -0.943488
0 0.018750 0.667969 0.068750 0.039062 -0.000000
