0 0.170543 0.513552 0.087619 0.052445 -0.724722
0 0.525528 0.524531 0.093186 0.048485 -0.971561
0 0.434375 0.685547 0.086774 0.048846 0.017849
0 0.887425 0.527797 0.093250 0.045562 -0.781467
0 0.321094 0.521484 0.087622 0.048486 -0.734161
0 0.603055 0.526469 0.091700 0.045756 -0.858439
0 0.737472 0.690063 0.092656 0.043763 0.033652
0 0.105267 0.507563 0.079093 0.049227 -0.974799
0 0.672480 0.519881 0.086292 0.042686 -0.836635
0 0.964307 0.528008 0.087290 0.040065 -0.798056
0 0.248809 0.516377 0.076222 0.045763 -0.694738
0 0.741526 0.523402 0.085253 0.038589 -0.850242
0 0.814844 0.529297 0.077649 0.037840 -0.668289
0 0.465625 0.513672 0.071258 0.040035 -0.864597
0 0.401714 0.512942 0.073034 0.037314 -0.822418
