0 0.287500 0.419922 0.102536 0.048852 1.555413
0 0.078041 0.720381 0.097076 0.050676 -1.506369
0 0.908842 0.426772 0.093724 0.047004 -1.525373
0 0.552352 0.719329 0.092201 0.046901 1.553849
0 0.802344 0.418945 0.092188 0.044922 -1.570796
0 0.889062 0.730469 0.090625 0.042969 -1.570796
0 0.617188 0.425781 0.090625 0.042969 -1.570796
0 0.311760 0.738328 0.093867 0.040964 1.520838
0 0.139567 0.698735 0.081864 0.046859 -1.339706
0 0.715625 0.416992 0.089063 0.042969 -1.570796
0 0.816524 0.717956 0.087625 0.043325 -1.517276
0 0.262420 0.728472 0.092307 0.040964 1.520838
0 0.430476 0.727808 0.090679 0.041059 1.536327
0 0.665625 0.409180 0.092188 0.039062 -1.570796
0 0.183594 0.411133 0.087737 0.039111 -1.517276
0 0.487500 0.714844 0.075765 0.044912 -1.549966
0 0.374976 0.721292 0.082827 0.041082 -1.551931
0 0.439063 0.416992 0.084816 0.039182 -1.533078
0 0.939021 0.733401 0.087625 0.037161 1.518213
0 0.010156 0.519531 0.074570 0.041310 0.065125
0 0.392600 0.417944 0.076621 0.039214 -1.518213
0 0.689878 0.712272 0.068910 0.039238 -1.502720
