0 0.985889 0.627797 0.093802 0.050688 -1.537475
1 0.871875 0.338867 0.095312 0.046875 -1.570796
0 0.215628 0.810726 0.092194 0.045895 -1.570796
0 0.751568 0.346485 0.093802 0.046914 -1.537475
0 0.881902 0.636705 0.094075 0.046713 -1.487655
0 0.821875 0.633789 0.094132 0.044864 1.519993
0 0.498437 0.643555 0.102095 0.040948 1.554925
0 0.767975 0.636934 0.092240 0.044962 1.536911
0 0.932807 0.628310 0.092201 0.044915 -1.553849
0 0.438194 0.634950 0.089117 0.045168 -1.535723
0 0.332031 0.689453 0.087500 0.044922 -1.570796
0 0.549416 0.623083 0.089263 0.042818 1.520838
0 0.214844 0.951172 0.090625 0.041016 -1.570796
0 0.710937 0.637695 0.085937 0.042969 -1.570796
0 0.229687 0.167969 0.093750 0.039062 -1.570796
0 0.639844 0.333008 0.083476 0.042961 1.551931
0 0.694531 0.333008 0.087187 0.040989 1.534449
0 0.590722 0.344529 0.080366 0.041201 1.475845
