0 0.771756 0.435161 0.094365 0.046849 0.094952
0 0.099211 0.969141 0.093763 0.046901 1.554131
0 0.208926 0.461041 0.104979 0.041338 0.074489
0 0.205469 0.650391 0.098437 0.042969 -0.000000
0 0.200944 0.586887 0.090679 0.044895 0.034469
0 0.205469 0.077148 0.092729 0.043145 0.084544
0 0.506250 0.529297 0.091864 0.042943 0.034469
0 0.207865 0.394677 0.089935 0.043095 0.139440
0 0.217188 0.196289 0.093750 0.041016 0.000000
0 0.202385 0.521487 0.090828 0.040959 0.052583
0 0.203906 0.134766 0.074700 0.035124 0.042528
0 0.217969 0.264648 0.069691 0.035192 0.022723
