0 0.368123 0.576302 0.095576 0.050631 1.523213
0 0.035156 0.580078 0.096875 0.048828 -1.570796
0 0.854688 0.597656 0.099602 0.045742 -1.456542
0 0.796094 0.585938 0.096273 0.046901 1.554404
0 0.313365 0.578296 0.095428 0.046722 1.521656
1 0.420112 0.279201 0.098684 0.044964 -1.527345
0 0.247408 0.268606 0.090615 0.048867 1.530818
0 0.303054 0.284065 0.096988 0.045153 -1.522447
0 0.428906 0.578125 0.087809 0.048271 -1.369842
0 0.913281 0.254883 0.092188 0.044922 -1.570796
0 0.738246 0.584067 0.095428 0.043109 1.521656
0 0.681206 0.586212 0.095364 0.042882 1.538021
0 0.967974 0.258587 0.090679 0.044963 -1.536327
0 0.678906 0.267578 0.090625 0.044922 -1.570796
0 0.090617 0.563871 0.089076 0.044949 1.553254
0 0.728928 0.263060 0.092201 0.043029 -1.553849
0 0.187870 0.265282 0.084411 0.044992 1.543028
0 0.258594 0.581055 0.090961 0.043012 -1.519118
0 0.866406 0.270508 0.090992 0.042909 -1.518213
0 0.566406 0.280273 0.085937 0.044922 -1.570796
0 0.621875 0.274414 0.089063 0.042969 -1.570796
0 0.525781 0.565430 0.082812 0.044922 -1.570796
0 0.476368 0.569324 0.087547 0.041160 -1.520838
0 0.782066 0.272704 0.087556 0.041129 1.535097
0 0.138908 0.281269 0.084889 0.040812 1.471128
0 0.629687 0.569336 0.082812 0.039062 -1.570796
