0 0.926562 0.636719 0.097949 0.046642 1.471128
0 0.218750 0.586914 0.090948 0.046914 1.536327
0 0.609375 0.612305 0.092600 0.044570 1.481747
0 0.544794 0.610429 0.090745 0.044778 1.523213
0 0.096129 0.631736 0.093867 0.043110 1.520838
0 0.396875 0.607422 0.093750 0.042969 -1.570796
0 0.342915 0.610499 0.084433 0.044819 1.533776
0 0.727344 0.375000 0.089804 0.040108 -0.310387
0 0.576133 0.382904 0.083998 0.041418 -0.168207
0 0.872656 0.625000 0.086239 0.039002 1.515298
0 0.758585 0.621781 0.084433 0.037156 1.533776
0 0.818750 0.616211 0.079687 0.039062 -1.570796
0 0.935820 0.398366 0.075425 0.041059 0.454302
0 0.446854 0.632473 0.076626 0.031224 -1.530003
