0 0.135545 0.861359 0.100195 0.046906 0.062419
0 0.735031 0.065059 0.087297 0.044967 0.098194
0 0.169665 0.432819 0.098883 0.044720 0.094952
0 0.710156 0.826172 0.090253 0.048966 -0.052583
0 0.715625 0.747070 0.089761 0.048821 0.017542
0 0.163281 0.571289 0.097896 0.042995 -0.016128
0 0.895348 0.794359 0.088001 0.047232 1.464061
0 0.153125 0.695313 0.091593 0.043136 0.068856
0 0.742188 0.339844 0.090625 0.042969 -0.000000
0 0.267914 0.038080 0.089404 0.043146 0.087495
0 0.719702 0.560565 0.092518 0.041199 0.084544
0 0.141406 0.930664 0.092188 0.041016 -0.000000
0 0.720468 0.489268 0.086065 0.043011 0.054491
0 0.172392 0.365386 0.093802 0.038781 0.033321
0 0.717187 0.189453 0.084375 0.042969 -0.000000
0 0.898438 0.984375 0.075320 0.046725 1.298651
0 0.175039 0.504937 0.089186 0.039009 0.052583
0 0.139844 0.989258 0.082812 0.041016 0.000000
0 0.170313 0.631836 0.078125 0.041016 0.000000
0 0.700000 0.618164 0.073316 0.035336 0.065125
