0 0.405469 0.545898 0.088947 0.048843 0.071307
0 0.430011 0.174795 0.090638 0.046902 0.017240
0 0.380469 0.724609 0.086716 0.048981 0.090660
0 0.407562 0.474671 0.084736 0.049160 0.092329
0 0.336965 0.995017 0.094799 0.043652 0.148890
0 0.445312 0.329102 0.088722 0.045082 0.106736
0 0.370407 0.807573 0.092307 0.043112 0.050804
0 0.556244 0.796653 0.089117 0.043011 1.535723
0 0.459375 0.052734 0.079427 0.039498 0.158655
0 0.540062 0.983988 0.072954 0.041078 1.398605
0 0.381924 0.600743 0.071109 0.039023 0.117109
