0 0.984375 0.427734 0.094881 0.052864 -1.520838
0 0.630489 0.438666 0.096925 0.048803 -1.538549
0 0.932108 0.734455 0.091385 0.050219 1.480136
0 0.114062 0.716797 0.093750 0.046875 -1.570796
0 0.237500 0.423828 0.089340 0.046985 -1.535097
0 0.841406 0.430664 0.090377 0.044894 1.535723
0 0.988281 0.720703 0.091863 0.044041 1.380158
0 0.292187 0.423828 0.093750 0.042969 -1.570796
0 0.403906 0.420898 0.094582 0.041055 1.504228
0 0.507812 0.722656 0.087500 0.042969 -1.570796
0 0.875631 0.728865 0.097878 0.038350 1.279340
0 0.500781 0.428711 0.089063 0.041016 -1.570796
0 0.787821 0.433620 0.082940 0.043013 1.525373
0 0.684375 0.427734 0.084997 0.041009 1.552280
0 0.350781 0.414062 0.088072 0.039056 1.552941
0 0.729465 0.424818 0.078260 0.042827 1.523213
0 0.357031 0.716797 0.089493 0.037289 1.428899
0 0.174219 0.714844 0.080024 0.041061 1.531601
0 0.310156 0.719727 0.085938 0.037109 -1.570796
0 0.406771 0.710922 0.076624 0.041062 -1.523213
0 0.933594 0.406250 0.069689 0.043135 -1.502720
0 0.451911 0.411163 0.071851 0.039327 1.515298
