0 0.474240 0.248610 0.102138 0.047985 0.511556
0 0.617969 0.123047 0.095312 0.050781 0.000000
0 0.371094 0.471680 0.089063 0.052734 0.000000
0 0.626562 0.721680 0.102596 0.045327 -0.063407
0 0.607515 0.960928 0.098450 0.046900 -0.015872
0 0.614791 0.871322 0.090798 0.050819 -0.038443
0 0.635507 0.391628 0.090638 0.050841 -0.017240
0 0.621875 0.035156 0.090625 0.050781 0.000000
0 0.646047 0.633115 0.095766 0.045091 -0.086738
0 0.367969 0.750000 0.091125 0.046866 -0.087495
0 0.367188 0.398438 0.090625 0.046875 0.000000
0 0.615625 0.190430 0.084375 0.048828 -0.000000
0 0.641837 0.546389 0.076594 0.047869 0.020397
0 0.368751 0.058105 0.085281 0.041041 0.028272
0 0.635156 0.466797 0.089062 0.042969 0.000000
0 0.357812 0.673828 0.091204 0.041010 -0.017240
0 0.636379 0.794988 0.082827 0.045061 0.018866
0 0.359375 0.327148 0.078125 0.044922 0.000000
0 0.373342 0.116843 0.074845 0.040690 -0.131425
0 0.367188 0.818359 0.081250 0.039062 0.000000
