0 0.736401 0.602270 0.094725 0.045645 -0.402746
0 0.649219 1.001953 0.095377 0.054090 -0.396081
0 0.591745 0.856622 0.086177 0.049351 -0.545815
0 0.519558 0.687601 0.089507 0.047623 -0.485373
0 0.454912 0.536000 0.089806 0.045414 -0.479501
0 0.844212 0.839917 0.093782 0.044581 -0.502843
0 0.486645 0.638346 0.081414 0.043554 -0.523068
0 0.595313 0.219727 0.091539 0.045420 -0.463648
0 0.362253 0.330974 0.089076 0.046046 -0.377249
0 0.866881 0.890753 0.095056 0.042924 -0.441592
0 0.254732 0.068425 0.090907 0.044413 -0.502090
0 0.612714 0.279432 0.091670 0.042379 -0.517032
0 0.339158 0.261695 0.091550 0.041868 -0.478914
0 0.316406 0.210937 0.085065 0.044585 -0.363147
0 0.390073 0.375804 0.082534 0.045554 -0.540419
0 0.564872 0.155734 0.085952 0.042820 -0.471778
0 0.539063 0.744141 0.084264 0.042820 -0.472122
0 0.709375 0.542969 0.085291 0.041356 -0.507098
0 0.244877 0.003207 0.082458 0.041044 -0.472122
0 0.276049 0.127366 0.078016 0.038491 -0.571338
0 0.560077 0.804460 0.074543 0.039056 -0.576375
0 0.403250 0.433872 0.076944 0.036812 -0.512389
0 0.703125 0.469727 0.068821 0.038521 -0.524796
