4 0.567187 0.719727 0.103125 0.052734 -0.000000
0 0.567187 0.887695 0.096875 0.050781 -0.000000
0 0.319802 0.466178 0.090761 0.044969 0.223053
0 0.569531 0.796875 0.089981 0.046902 -0.017542
0 0.312790 0.820382 0.086141 0.048854 -0.056289
0 0.567187 0.962891 0.087500 0.046875 0.000000
0 0.571110 0.568826 0.090743 0.044964 -0.043451
0 0.572656 0.653320 0.089062 0.044922 0.000000
0 0.585562 0.497883 0.092399 0.042738 0.067693
0 0.320370 0.179872 0.084736 0.044914 0.090660
0 0.314314 0.879501 0.072995 0.042118 -0.176998
0 0.313281 0.750977 0.080680 0.037458 -0.079830
0 0.318750 0.402344 0.088598 0.033419 0.089050
0 0.498437 0.338867 0.066004 0.036674 1.096396
