0 0.056250 0.339844 0.092463 0.047124 -1.535097
0 0.793750 0.409180 0.091042 0.044963 1.519118
0 0.154688 0.643555 0.089718 0.044880 -1.552941
0 0.292187 0.650391 0.091864 0.042943 -1.536327
0 0.568750 0.656250 0.089714 0.043642 -1.428899
0 0.600908 0.375850 0.090746 0.042710 -1.519118
0 0.005462 0.328279 0.089186 0.043012 -1.518213
0 0.342222 0.652150 0.085994 0.043082 -1.534449
0 0.723438 0.675781 0.089413 0.040848 1.516305
0 0.622656 0.672852 0.088588 0.040759 -1.496857
0 0.553125 0.383789 0.087821 0.041061 1.517276
0 0.054688 0.652344 0.086292 0.041061 -1.516305
0 0.343875 0.374829 0.085032 0.041201 -1.475845
0 0.442188 0.657227 0.081096 0.042936 1.531601
0 0.006983 0.635637 0.087625 0.039219 1.515298
0 0.290549 0.369835 0.087556 0.038898 -1.535097
0 0.241796 0.660181 0.079822 0.040964 -1.520838
0 0.674947 0.678483 0.081310 0.038959 -1.532354
0 0.236719 0.342773 0.073438 0.041016 -1.570796
0 0.392969 0.660156 0.076301 0.037077 1.529154
