0 0.039062 0.772461 0.092967 0.052876 -1.486253
0 0.797656 0.802734 0.095740 0.046817 1.520838
0 0.267507 0.786312 0.090416 0.046916 -1.529154
0 0.421094 0.791016 0.094101 0.044963 -1.520838
0 0.223438 0.789063 0.086713 0.048640 -1.514253
0 0.745371 0.787772 0.089827 0.045967 -1.342694
0 0.939054 0.820700 0.090638 0.044949 1.553557
0 0.089844 0.774414 0.090400 0.044824 -1.535097
0 0.977592 0.513658 0.092305 0.043013 1.525373
0 0.540234 0.803223 0.087694 0.040435 -1.496857
0 0.315317 0.779365 0.086128 0.044964 -1.527345
0 0.872656 0.504883 0.085938 0.044922 -1.570796
0 0.703831 0.516032 0.092399 0.040922 -1.503103
0 0.367969 0.780273 0.086577 0.042962 -1.552617
0 0.689063 0.802734 0.084375 0.042969 -1.570796
0 0.434375 0.499023 0.092188 0.039062 -1.570796
0 0.053906 0.477539 0.083001 0.043332 -1.474937
0 0.165917 0.487591 0.091483 0.038696 -1.433730
0 0.473828 0.817383 0.079512 0.041125 1.501836
0 0.233593 0.518555 0.083275 0.040948 1.513168
0 0.592997 0.802617 0.082046 0.039000 1.551749
0 0.892531 0.825117 0.075572 0.044194 -1.428899
0 0.932067 0.504077 0.079749 0.041137 1.531601
0 0.114844 0.488281 0.083800 0.039092 1.551931
0 0.325772 0.485665 0.087556 0.037155 -1.535097
0 0.653130 0.508627 0.075065 0.039110 -1.529154
0 0.384256 0.503606 0.067640 0.039027 1.455037
