0 0.028125 0.149414 0.100113 0.056192 0.911168
0 0.188281 0.063477 0.098437 0.052734 0.000000
0 0.187609 0.663844 0.102574 0.046907 -0.057028
0 0.202487 0.334117 0.093523 0.054722 -0.035699
0 0.209527 0.572350 0.098549 0.049052 -0.047583
0 0.170436 0.981917 0.092028 0.052399 0.295441
0 0.160921 0.896954 0.098484 0.048867 -0.039979
0 0.172336 0.810570 0.095325 0.048790 -0.016392
0 0.185465 0.128875 0.087625 0.050917 0.053520
0 0.200781 0.407227 0.089690 0.042927 0.017855
0 0.195312 0.733398 0.087500 0.041016 0.000000
0 0.205469 0.487305 0.078410 0.041141 0.040794
