1 0.374434 0.571478 0.108095 0.059287 -1.498459
0 0.828309 0.659815 0.090641 0.047450 -1.296849
0 0.986789 0.699985 0.086511 0.052879 -1.496857
0 0.701531 0.635909 0.090679 0.046982 -1.536327
0 0.884375 0.682617 0.088846 0.047351 -1.330262
0 0.242767 0.241350 0.082739 0.050236 -1.380808
0 0.024219 0.184570 0.091836 0.045029 -1.431356
0 0.841423 0.380656 0.090781 0.045288 -1.465919
0 0.555048 0.607226 0.090133 0.045302 -1.441094
0 0.891388 0.382718 0.091488 0.044065 -1.347320
0 0.304791 0.250224 0.091962 0.043340 -1.400061
0 0.280059 0.551023 0.087999 0.044893 -1.471128
0 0.353906 0.268555 0.090961 0.043012 -1.519118
0 0.423117 0.582986 0.091483 0.042566 -1.433730
0 0.177344 0.532227 0.086024 0.045002 -1.420984
0 0.630764 0.342228 0.088678 0.043086 -1.321544
0 0.935938 0.697266 0.085338 0.044753 -1.377585
0 0.003989 0.502374 0.092399 0.041318 -1.503103
0 0.128641 0.526551 0.089070 0.042657 -1.292497
0 0.603906 0.619141 0.086053 0.043668 -1.405648
0 0.233488 0.547374 0.085653 0.042150 -1.312544
0 0.083594 0.211914 0.083298 0.043146 -1.476735
0 0.578225 0.330320 0.083998 0.037894 -1.402590
0 0.504111 0.610856 0.080919 0.039147 -1.396124
0 0.049219 0.514648 0.078616 0.038989 -1.509648
0 0.528906 0.292969 0.075535 0.039257 -1.467004
0 0.325000 0.571289 0.078445 0.037289 -1.428899
0 0.652889 0.637729 0.072019 0.039111 -1.520838
