0 0.238217 0.810383 0.104792 0.050993 -1.526050
0 0.010504 0.813093 0.097055 0.051379 -1.418147
0 0.390999 0.828703 0.091431 0.049809 -1.536004
0 0.893166 0.556852 0.093958 0.052358 -1.504228
0 0.111413 0.806855 0.092306 0.050445 -1.523213
0 0.840625 0.555664 0.103660 0.043131 -1.539556
0 0.063281 0.812500 0.094399 0.046835 -1.553849
0 0.011112 0.536225 0.086044 0.050931 -1.494024
0 0.472656 0.832031 0.095632 0.044964 1.521656
0 0.521084 0.829304 0.090631 0.043925 -1.562176
0 0.075000 0.516602 0.092434 0.045612 1.481747
0 0.726562 0.840820 0.089063 0.046875 -1.570796
0 0.338281 0.830078 0.092571 0.044963 -1.519993
0 0.979688 0.835938 0.092635 0.044757 1.518213
0 0.289844 0.832031 0.093425 0.042875 -1.536317
0 0.671760 0.846445 0.087625 0.045275 -1.517276
0 0.617168 0.538393 0.087977 0.041153 -1.552280
0 0.176596 0.533424 0.089117 0.043079 1.535723
0 0.346094 0.516602 0.096107 0.039583 -1.486253
0 0.772802 0.837910 0.084736 0.042786 1.478467
0 0.567968 0.536133 0.087500 0.041016 -1.570796
0 0.288281 0.541016 0.086363 0.041060 -1.534449
0 0.405431 0.516338 0.093958 0.037287 -1.504228
0 0.571141 0.826379 0.081712 0.041207 -1.492405
0 0.947748 0.561626 0.084505 0.038894 1.515298
0 0.125085 0.513585 0.078515 0.041006 -1.471128
0 0.187500 0.819336 0.077248 0.041007 1.550391
0 0.622666 0.840269 0.071892 0.039096 -1.549061
0 0.672656 0.523438 0.071875 0.037109 -1.570796
