0 0.085687 0.576161 0.101609 0.054722 -1.535097
4 0.348926 0.683578 0.098547 0.046916 -1.529154
0 0.220821 0.679715 0.098548 0.046746 -1.527345
0 0.470313 0.696289 0.091570 0.044983 -1.553254
0 0.162486 0.673099 0.086164 0.047035 -1.498197
0 0.401795 0.695162 0.086253 0.046916 -1.529154
0 0.004687 0.347656 0.090625 0.042969 -1.570796
0 0.794531 0.399414 0.085509 0.045516 -1.458069
0 0.288284 0.686900 0.089089 0.042990 -1.553259
0 0.527993 0.722025 0.088181 0.041668 -1.446441
0 0.563281 0.389648 0.087067 0.040263 -1.334551
0 0.614844 0.386719 0.090300 0.038129 -1.426355
0 0.282778 0.367320 0.079749 0.043089 -1.531601
0 0.338290 0.368779 0.084389 0.039092 1.552280
0 0.062500 0.343750 0.078797 0.041007 -1.550799
0 0.659226 0.619226 0.067115 0.042833 -0.432408
0 0.238475 0.369932 0.072028 0.035717 1.505671
