0 0.018592 0.628212 0.103221 0.056943 -1.467715
0 0.599769 0.959965 0.111989 0.048610 -1.509678
0 0.585938 0.042969 0.095890 0.052949 0.012692
0 0.654680 0.953748 0.107824 0.048851 -1.556305
0 0.077932 0.942348 0.095949 0.050259 -1.487085
0 0.408594 0.665039 0.101562 0.048828 -1.570796
0 0.413106 0.944687 0.098883 0.048608 -1.475845
0 0.867188 0.676758 0.097258 0.046978 1.538021
0 0.183383 0.945256 0.095356 0.047004 -1.525373
0 0.553837 0.955948 0.099193 0.044699 -1.471128
0 0.240078 0.951270 0.093394 0.044335 -1.432931
0 0.871881 0.963327 0.087514 0.048820 1.552941
0 0.511246 0.955324 0.097488 0.042937 -1.465919
0 0.458594 0.953125 0.100000 0.041016 -1.570796
0 0.355510 0.650051 0.093254 0.043361 -1.419421
0 0.822648 0.974968 0.093763 0.042995 1.554131
0 0.714063 0.978516 0.084375 0.046875 -1.570796
0 0.595602 0.663607 0.092399 0.042342 -1.503103
0 0.293739 0.958191 0.083048 0.047036 -1.495467
0 0.769531 0.974609 0.084375 0.044922 -1.570796
0 0.692969 0.669922 0.086577 0.042962 -1.552617
0 0.066961 0.637930 0.085081 0.041931 -1.441886
0 0.128125 0.634766 0.075395 0.046699 -1.484058
0 0.646103 0.669288 0.089076 0.039091 -1.553254
0 0.301563 0.653320 0.082329 0.039097 -1.494024
