4 0.901484 0.761841 0.119007 0.056518 0.065695
0 0.323985 0.841112 0.094954 0.050322 -1.457045
0 0.693983 0.593428 0.092874 0.050636 -1.350303
0 0.089096 0.533583 0.090512 0.050930 -1.500736
0 0.383617 0.849025 0.091025 0.046843 -1.536890
0 0.742893 0.871136 0.098549 0.042827 -1.523213
0 0.681227 0.859530 0.089117 0.046846 1.535723
0 0.215643 0.842070 0.095364 0.042946 -1.538021
0 0.075049 0.828977 0.082405 0.048908 -1.435269
0 0.495334 0.860746 0.089076 0.044983 -1.553254
0 0.936776 0.589088 0.091909 0.043232 1.259798
0 0.270313 0.844727 0.082812 0.046875 -1.570796
0 0.632031 0.858398 0.089514 0.043146 -1.483301
0 0.785307 0.885409 0.086164 0.044662 1.498197
0 0.552350 0.853362 0.089186 0.043012 -1.518213
0 0.302415 0.571262 0.087848 0.043320 -1.481747
0 0.038316 0.544122 0.087625 0.043116 -1.517276
0 0.357975 0.558516 0.090953 0.039257 -1.471128
0 0.441406 0.850586 0.085938 0.041016 -1.570796
0 0.021094 0.830078 0.078244 0.044767 -1.487655
0 0.865625 0.590820 0.088969 0.037610 1.123276
0 0.413115 0.561564 0.084505 0.039009 -1.518213
0 0.121055 0.837759 0.082945 0.039221 -1.514253
0 0.585156 0.565430 0.074672 0.039361 -1.505671
