0 0.014063 0.842773 0.090700 0.050911 -1.465919
0 0.872688 0.882990 0.095428 0.047010 -1.521656
0 0.922656 0.889648 0.094679 0.046969 -1.553557
0 0.071875 0.841797 0.091322 0.048635 -1.481747
0 0.975789 0.895110 0.092201 0.046901 1.553849
0 0.313281 0.853516 0.089957 0.046974 1.552617
0 0.686084 0.598312 0.089282 0.046623 1.500736
0 0.413248 0.561144 0.089282 0.044948 -1.500736
0 0.848391 0.601312 0.092240 0.042878 -1.536911
0 0.899219 0.593750 0.091070 0.043316 -1.483301
0 0.352344 0.556641 0.087500 0.044922 -1.570796
0 0.730351 0.865389 0.085994 0.045247 -1.534449
0 0.634375 0.581055 0.089063 0.042969 -1.570796
0 0.518758 0.853932 0.084389 0.044950 -1.552280
0 0.195281 0.855047 0.087723 0.042999 -1.499489
0 0.255506 0.845897 0.076314 0.048867 1.530818
0 0.488281 0.663086 0.089063 0.041016 0.000000
0 0.683498 0.870327 0.084505 0.042794 -1.515298
0 0.137500 0.547852 0.090233 0.038968 -1.535097
0 0.630469 0.868164 0.085299 0.041192 -1.496857
0 0.391406 0.853516 0.078125 0.044922 -1.570796
0 0.293750 0.554688 0.088671 0.039038 -1.535097
0 0.453125 0.848633 0.073438 0.046875 -1.570796
0 0.582812 0.569336 0.085937 0.039062 -1.570796
0 0.082037 0.556469 0.079749 0.041061 -1.531601
0 0.088870 0.648465 0.082871 0.039035 0.037718
0 0.953125 0.598633 0.077389 0.039251 -1.489344
0 0.571875 0.865234 0.071875 0.039062 -1.570796
