0 0.347656 0.533203 0.096875 0.052734 -1.570796
0 0.006373 0.449660 0.093036 0.053631 1.387686
0 0.102826 0.758737 0.096863 0.050819 -1.532354
0 0.950781 0.325195 0.092188 0.052734 -1.570796
0 0.513281 0.807617 0.092188 0.052734 0.000000
0 0.512500 0.739258 0.098772 0.046915 0.047583
0 0.908594 0.048828 0.093750 0.048828 -1.570796
0 0.047656 0.757812 0.093750 0.048828 -1.570796
0 0.518924 0.674777 0.085647 0.052771 0.037020
0 0.343975 0.679440 0.087362 0.050931 1.494024
0 0.506250 0.431641 0.090625 0.046875 0.000000
0 0.120013 0.265631 0.093763 0.044916 -0.016665
0 0.151597 0.757279 0.085952 0.048749 1.552617
0 0.293078 0.246296 0.090746 0.044768 0.049958
0 0.516747 0.493156 0.085952 0.046867 -0.018180
0 0.109062 0.432422 0.081033 0.049411 1.249046
0 0.899219 0.339844 0.081250 0.048828 -1.570796
0 0.522824 0.613501 0.092663 0.042748 0.101347
0 0.521094 0.555664 0.090434 0.043330 -0.054491
0 0.928906 0.927734 0.089761 0.042290 1.423718
0 0.504219 0.184766 0.081756 0.043673 -1.107149
0 0.513281 0.876953 0.068857 0.042922 0.046478
