0 0.800770 0.867615 0.104716 0.047837 1.548297
0 0.143814 0.861697 0.103137 0.048675 1.555646
0 0.853592 0.875914 0.093925 0.048867 1.530818
0 0.514844 0.864258 0.096541 0.044898 -1.538021
0 0.421062 0.862531 0.093802 0.045027 -1.537475
0 0.906271 0.882438 0.093763 0.044981 1.554131
0 0.389844 0.564453 0.090625 0.044922 -1.570796
0 0.094531 0.856445 0.094052 0.042913 -1.519993
0 0.265443 0.855715 0.091109 0.042741 -1.467715
0 0.440625 0.582031 0.090625 0.042969 -1.570796
0 0.718750 0.876953 0.090625 0.042969 -1.570796
0 0.667158 0.854940 0.089282 0.043000 1.500736
0 0.696875 0.569336 0.092223 0.041032 1.484802
0 0.569498 0.861711 0.087514 0.042892 -1.552941
0 0.496094 0.583008 0.082812 0.044922 -1.570796
0 0.649219 0.568359 0.081850 0.045089 -1.494024
0 0.040541 0.854999 0.089282 0.041325 -1.500736
0 0.176562 0.554688 0.085656 0.042916 -1.458069
0 0.119531 0.557617 0.085291 0.043073 1.551568
0 0.317969 0.858398 0.088545 0.040908 -1.498197
0 0.370317 0.859241 0.079749 0.043012 -1.531601
0 0.221141 0.549910 0.084505 0.039002 1.515298
0 0.463271 0.868774 0.075016 0.035189 -1.549966
