0 0.949208 0.582736 0.095428 0.050816 1.521656
0 0.174219 0.996094 0.088363 0.052656 -0.054491
0 0.814140 0.717326 0.097076 0.046778 1.506370
0 0.997656 0.590820 0.090871 0.048935 1.535723
0 0.490625 0.986328 0.081250 0.054688 0.000000
0 0.141406 0.146484 0.090625 0.048828 -1.570796
0 0.091146 0.147474 0.089180 0.048786 1.529154
0 0.589844 0.991211 0.087723 0.048867 0.035699
0 0.539062 0.131836 0.095041 0.044761 0.034469
0 0.539062 0.198242 0.090625 0.044922 -0.000000
0 0.547656 0.815430 0.092929 0.042466 0.848605
0 0.549357 0.010783 0.087556 0.045033 0.035699
0 0.032031 0.140625 0.084375 0.044922 -1.570796
0 0.546094 0.071289 0.083460 0.045088 -0.075329
0 0.292616 0.992236 0.079703 0.045028 0.019605
0 0.374246 0.073701 0.086164 0.041191 1.498197
0 0.189922 0.147192 0.081385 0.043235 1.513168
0 0.802356 0.274676 0.081385 0.043010 1.513168
0 0.942993 0.304114 0.083048 0.041193 1.495467
0 0.541406 0.262695 0.067187 0.041016 -0.000000
