1 0.403329 0.603438 0.106989 0.062467 0.014671
0 0.992140 0.635256 0.086636 0.061604 -0.017537
0 0.836719 0.272461 0.099437 0.055243 -0.785398
0 0.944541 0.120769 0.098486 0.052771 0.037020
0 0.838308 0.411880 0.098747 0.048521 0.079199
0 0.777049 0.256203 0.093971 0.049785 -0.750119
0 0.419531 0.247070 0.086179 0.049718 -0.785398
0 0.176126 0.089780 0.094386 0.043132 0.116142
0 0.505739 0.250702 0.091710 0.042727 -0.797446
0 0.568083 0.267170 0.088499 0.043242 -0.735440
0 0.643750 0.264648 0.088939 0.043013 -0.685729
0 0.031250 0.238281 0.092321 0.041383 0.736656
0 0.260794 0.243965 0.086143 0.042827 0.772412
0 0.110937 0.235352 0.094770 0.037581 0.736656
0 0.194420 0.241341 0.087346 0.040075 0.819867
0 0.356010 0.243527 0.081024 0.038757 -0.880996
