0 0.408631 0.048151 0.112543 0.048755 -1.543026
0 0.516427 0.061677 0.100049 0.052709 -1.539556
0 0.461713 0.061782 0.106296 0.048864 -1.541393
0 0.920910 0.947677 0.101659 0.047745 -0.030731
0 0.133115 0.924309 0.093992 0.048287 0.107507
0 0.173437 0.343750 0.093750 0.046875 -1.570796
0 0.144531 0.040039 0.097290 0.045092 -1.537475
0 0.391376 0.349084 0.082997 0.046043 -1.506536
0 0.717354 0.056072 0.094799 0.045004 1.421906
0 0.009375 0.333984 0.090625 0.046875 -1.570796
0 0.921140 0.360122 0.093802 0.044832 1.537475
0 0.817188 0.355469 0.097379 0.043009 -1.538549
0 0.200333 0.041204 0.092576 0.044964 -1.527345
0 0.866406 0.351562 0.090625 0.044922 -1.570796
0 0.668750 0.053711 0.085937 0.046875 -1.570796
0 0.591406 0.345703 0.086853 0.043111 -1.551568
0 0.124184 0.339135 0.090679 0.041126 -1.536327
0 0.737500 0.364258 0.086577 0.042962 1.552617
0 0.686719 0.341797 0.086448 0.042790 1.514253
0 0.067188 0.336914 0.087365 0.041278 -1.515298
0 0.535156 0.349609 0.089268 0.039111 -1.518213
0 0.341242 0.344646 0.087625 0.039529 -1.517276
0 0.247656 0.050781 0.082089 0.041194 -1.494024
0 0.442969 0.342773 0.078410 0.041141 -1.530003
0 0.288977 0.334071 0.078515 0.041006 -1.471128
0 0.487527 0.354905 0.070330 0.037187 -1.548578
0 0.698481 0.945889 0.064292 0.040132 -0.047476
