0 0.639166 0.039211 0.090617 0.054827 -1.499489
0 0.694531 0.027344 0.089966 0.054609 -1.517276
0 0.859391 0.033793 0.090746 0.052765 -1.519118
0 0.662500 0.679688 0.100000 0.046875 -1.570796
0 0.618874 0.963107 0.095428 0.048577 1.521656
0 0.231250 0.020508 0.090840 0.050818 -1.536327
0 0.110937 0.954102 0.098437 0.046875 -1.570796
0 0.753906 0.035156 0.087500 0.052734 -1.570796
0 0.914627 0.684933 0.091483 0.048908 -1.435269
0 0.902320 0.038842 0.082640 0.048991 -1.515468
0 0.132089 0.022329 0.090679 0.049001 -1.536327
0 0.177288 0.962748 0.096127 0.046093 -1.435269
0 0.458594 0.030273 0.082812 0.052734 -1.570796
0 0.550000 0.036133 0.087899 0.049424 -1.444204
0 0.502344 0.035645 0.080468 0.050781 -1.570796
0 0.342593 0.033723 0.080177 0.048781 -1.502502
0 0.802344 0.036133 0.085937 0.048828 -1.570796
0 0.452344 0.966797 0.093313 0.044815 -1.501940
0 0.385961 0.962735 0.089117 0.046846 1.535723
0 0.597656 0.043945 0.083905 0.047135 -1.513168
0 0.560937 0.964844 0.090625 0.042969 -1.570796
0 0.292188 0.015625 0.074938 0.050170 -1.377585
0 0.032783 0.002970 0.078187 0.046838 1.530818
0 0.375781 0.655273 0.087767 0.039005 -1.516305
0 0.746875 0.972656 0.078125 0.042969 -1.570796
0 0.846907 0.980447 0.073504 0.044881 1.528269
0 0.610166 0.667578 0.078141 0.039094 1.550799
0 0.512500 0.976562 0.075000 0.035156 -1.570796
0 0.386663 0.054683 0.048648 0.029083 -1.499489
