0 0.036719 0.540039 0.094040 0.048932 1.536911
0 0.884448 0.208549 0.097076 0.047155 -1.506369
0 0.480294 0.611398 0.096925 0.047040 -0.032247
0 0.488895 0.228490 0.095364 0.046850 -0.032775
0 0.975711 0.496313 0.092307 0.047112 1.519993
0 0.313281 0.481445 0.095736 0.044531 -1.321834
0 0.924961 0.501496 0.089555 0.047231 1.465919
0 0.487500 0.423828 0.089985 0.045021 -0.018180
0 0.482339 0.546009 0.089282 0.044812 -0.070061
0 0.305399 0.265009 0.087968 0.043216 1.445517
0 0.288281 0.027344 0.088435 0.044950 0.017855
0 0.496094 0.294922 0.087845 0.043156 -0.037020
0 0.495312 0.481445 0.084375 0.044922 -0.000000
0 0.132834 0.547235 0.084606 0.043140 1.496857
0 0.873437 0.488281 0.084375 0.042969 -1.570796
0 0.140175 0.030390 0.083048 0.040899 -0.075329
0 0.498437 0.355469 0.075000 0.042969 0.000000
0 0.487500 0.668945 0.079513 0.039226 -0.059928
