0 0.197656 0.123046 0.108966 0.054709 -1.512890
4 0.552344 0.084961 0.107813 0.044922 -1.570796
0 0.712500 0.101562 0.093750 0.050781 -1.570796
0 0.141101 0.118147 0.095290 0.048952 -1.527345
0 0.250781 0.121093 0.093750 0.048828 -1.570796
4 0.799992 0.068694 0.104734 0.043008 -1.540954
0 0.216034 0.420924 0.094470 0.043873 0.041922
0 0.415234 0.092773 0.089355 0.044919 1.554131
0 0.097277 0.108596 0.083589 0.042962 -1.499848
0 0.664001 0.418298 0.089185 0.044871 -0.047583
0 0.335938 0.417969 0.082812 0.044922 -0.000000
0 0.356250 0.095703 0.089063 0.041016 -1.570796
