1 0.964063 0.814453 0.134375 0.054688 0.000000
1 0.954571 0.752371 0.126715 0.052600 0.043451
0 0.960156 0.558594 0.104688 0.054688 0.000000
0 0.951562 0.492188 0.100000 0.046875 0.000000
0 0.698303 0.450028 0.100438 0.045455 -0.093477
0 0.963333 0.683027 0.096856 0.046916 0.041643
0 0.693804 0.517388 0.089237 0.050819 -0.038443
0 0.084375 0.794922 0.100000 0.042969 0.000000
0 0.695313 0.321289 0.091296 0.046834 -0.017542
0 0.690923 0.257806 0.087400 0.048856 -0.018180
0 0.957812 0.365234 0.090625 0.046875 0.000000
0 0.341406 0.386719 0.094132 0.044864 -0.050804
0 0.226862 0.785166 0.093763 0.044948 -0.016665
0 0.574238 0.517133 0.087481 0.047093 -0.045423
0 0.690644 0.382895 0.090961 0.044924 -0.085994
0 0.974219 0.622070 0.089063 0.044922 0.000000
0 0.697656 0.635742 0.092793 0.042929 0.017240
0 0.334012 0.255819 0.084126 0.047186 -0.076772
0 0.572760 0.258897 0.090746 0.042811 0.051678
0 0.947983 0.298818 0.085952 0.044950 0.018180
0 0.330469 0.567383 0.089679 0.042962 0.017542
0 0.332635 0.449261 0.089117 0.043079 -0.035073
0 0.583594 0.451172 0.088614 0.042999 0.071307
0 0.337833 0.326142 0.087723 0.043138 -0.071307
0 0.574219 0.386719 0.087890 0.043011 -0.035699
0 0.580663 0.579058 0.087556 0.041129 -0.035699
0 0.332813 0.510742 0.086986 0.041049 -0.072599
0 0.574219 0.325195 0.085938 0.041016 0.000000
0 0.948438 0.423828 0.074235 0.044996 -0.021736
0 0.332156 0.637689 0.078187 0.041061 -0.039979
0 0.581551 0.635773 0.081265 0.039130 -0.019228
