1 0.462000 0.523433 0.117198 0.052730 -0.013333
1 0.458594 0.461914 0.118187 0.044906 0.026660
0 0.949219 0.746094 0.096556 0.048720 1.504228
0 0.470638 0.402337 0.093763 0.048821 -0.016665
0 0.217969 0.176758 0.097270 0.046818 -0.049141
0 0.859375 0.457031 0.091312 0.048821 -1.553557
0 0.094347 0.108456 0.093802 0.044832 0.033321
0 0.843750 0.739258 0.091042 0.044963 1.519118
0 0.467187 0.278320 0.094336 0.042963 0.016665
0 0.215050 0.359449 0.093802 0.043140 0.033321
0 0.214844 0.240234 0.089707 0.044915 -0.017542
0 0.461719 0.215820 0.092793 0.042929 0.017240
0 0.095803 0.237311 0.092201 0.042963 -0.016948
0 0.894605 0.746187 0.090961 0.043313 1.484802
0 0.095312 0.045898 0.087500 0.044922 -0.000000
0 0.457890 0.027987 0.080237 0.048494 0.117109
0 0.212500 0.108398 0.086412 0.042903 -0.055499
0 0.105072 0.174909 0.087723 0.041329 0.071307
0 0.215625 0.043945 0.087500 0.041016 -0.000000
0 0.101562 0.302734 0.090625 0.039062 0.000000
0 0.468750 0.089844 0.081250 0.042969 -0.000000
0 0.478171 0.342816 0.076626 0.045044 0.040794
0 0.103078 0.359067 0.079676 0.043013 -0.045423
0 0.465953 0.150402 0.078141 0.041046 -0.019997
